0.010000 0.000100 0.010000 0.020000 0.000000 0.000100 0.010000 0.000001
0.020000 0.000400 0.030000 0.040000 0.000003 0.000400 0.030000 0.000005
0.030000 0.000900 0.050000 0.060000 0.000009 0.000900 0.050000 0.000014
0.040000 0.001600 0.070000 0.080000 0.000021 0.001600 0.070000 0.000030
0.050000 0.002500 0.090000 0.100000 0.000042 0.002500 0.090000 0.000055
0.060000 0.003600 0.110000 0.120000 0.000072 0.003600 0.110000 0.000091
0.070000 0.004900 0.130000 0.140000 0.000114 0.004900 0.130000 0.000140
0.080000 0.006400 0.150000 0.160000 0.000171 0.006400 0.150000 0.000204
0.090000 0.008100 0.170000 0.180000 0.000243 0.008100 0.170000 0.000285
0.100000 0.010000 0.190000 0.200000 0.000333 0.010000 0.190000 0.000385
0.110000 0.012100 0.210000 0.220000 0.000444 0.012100 0.210000 0.000506
0.120000 0.014400 0.230000 0.240000 0.000576 0.816317 80.421677 0.008669
0.130000 0.016900 0.250000 0.260000 0.000732 0.016900 -79.941673 0.008838
0.140000 0.019600 0.270000 0.280000 0.000915 0.045313 2.841322 0.009291
0.150000 0.022500 0.290000 0.300000 0.001125 0.022500 -2.281322 0.009516
0.160000 0.025600 0.310000 0.320000 0.001365 0.025600 0.310000 0.009772
0.170000 0.028900 0.330000 0.340000 0.001638 0.298855 27.325491 0.012761
0.180000 0.032400 0.350000 0.360000 0.001944 0.032400 -26.645489 0.013085
0.190000 0.036100 0.370000 0.380000 0.002286 0.036100 0.370000 0.013446
0.200000 0.040000 0.390000 0.400000 0.002667 0.040000 0.390000 0.013846
0.210000 0.044100 0.410000 0.420000 0.003087 0.044100 0.410000 0.014287
0.220000 0.048400 0.430000 0.440000 0.003549 0.048400 0.430000 0.014771
0.230000 0.052900 0.449999 0.460000 0.004056 0.060194 1.179366 0.015373
0.240000 0.057600 0.470001 0.480000 0.004608 0.057600 -0.259366 0.015949
0.250000 0.062500 0.490000 0.500000 0.005208 0.062500 0.490000 0.016574
0.260000 0.067600 0.510000 0.520000 0.005859 0.715188 65.268806 0.023726
0.270000 0.072900 0.529999 0.540000 0.006561 0.072900 -64.228813 0.024455
0.280000 0.078400 0.550001 0.560000 0.007317 0.078400 0.550003 0.025239
0.290000 0.084100 0.569999 0.580000 0.008130 0.091394 1.299364 0.026153
0.300000 0.090000 0.590000 0.600000 0.009000 0.090000 -0.139367 0.027053
0.310000 0.096100 0.610001 0.620000 0.009930 0.096100 0.610001 0.028014
0.320000 0.102400 0.630000 0.640000 0.010923 0.102400 0.630000 0.029038
0.330000 0.108900 0.649999 0.660000 0.011979 1.198161 109.576088 0.041019
0.340000 0.115600 0.670002 0.680000 0.013101 0.145363 -105.279808 0.042473
0.350000 0.122500 0.689999 0.700000 0.014292 0.127691 -1.767127 0.043750
0.360000 0.129600 0.709999 0.720000 0.015552 0.129600 0.190859 0.045046
0.370000 0.136900 0.730002 0.740000 0.016884 0.136900 0.730002 0.046415
0.380000 0.144400 0.749999 0.760000 0.018291 0.144400 0.749999 0.047859
0.390000 0.152100 0.769998 0.780000 0.019773 1.866819 172.241928 0.066527
0.400000 0.160000 0.790000 0.800000 0.021333 0.379918 -148.690125 0.070326
0.410000 0.168100 0.810002 0.820000 0.022974 0.168100 -21.181801 0.072007
0.420000 0.176400 0.829999 0.840000 0.024696 0.176400 0.829999 0.073771
0.430000 0.184900 0.849999 0.860000 0.026502 0.184900 0.849999 0.075620
0.440000 0.193600 0.870001 0.880000 0.028395 0.193600 0.870001 0.077556
0.450000 0.202500 0.889999 0.900000 0.030375 0.202500 0.889999 0.079581
0.460000 0.211600 0.909999 0.920000 0.032445 0.571924 36.942436 0.085300
0.470000 0.220900 0.930002 0.940000 0.034608 0.220900 -35.102432 0.087509
0.480000 0.230400 0.950000 0.960000 0.036864 0.230400 0.950000 0.089813
0.490000 0.240100 0.969999 0.980000 0.039216 0.240100 0.969999 0.092214
0.500000 0.250000 0.990002 1.000000 0.041667 0.250000 0.990002 0.094714
0.510000 0.260100 1.009998 1.020000 0.044217 0.260100 1.009998 0.097315
0.520000 0.270400 1.030001 1.040000 0.046869 1.127243 86.714302 0.108588
0.530000 0.280900 1.049998 1.060000 0.049626 0.280964 -84.627937 0.111397
0.540000 0.291600 1.069999 1.080000 0.052488 0.291600 1.063624 0.114313
0.550000 0.302500 1.090005 1.100000 0.055458 0.302500 1.090005 0.117338
0.560000 0.313600 1.109999 1.120000 0.058539 0.313600 1.109999 0.120474
0.570000 0.324900 1.130000 1.140000 0.061731 0.324900 1.130000 0.123723
0.580000 0.336400 1.149997 1.160000 0.065037 0.336400 1.149997 0.127087
0.590000 0.348100 1.170000 1.180000 0.068460 0.348100 1.170000 0.130568
0.600000 0.360000 1.189998 1.200000 0.072000 0.360000 1.189998 0.134168
0.610000 0.372100 1.210007 1.220000 0.075660 0.372100 1.210007 0.137889
0.620000 0.384400 1.229998 1.240000 0.079443 0.384400 1.229998 0.141733
0.630000 0.396900 1.249999 1.260000 0.083349 0.397195 1.279470 0.145705
0.640000 0.409600 1.269999 1.280000 0.087381 0.409600 1.240528 0.149801
0.650000 0.422500 1.289997 1.300000 0.091542 0.422500 1.289997 0.154026
0.660000 0.435600 1.310000 1.320000 0.095832 2.368941 194.644073 0.177716
0.670000 0.448900 1.330000 1.340000 0.100254 0.448900 -192.004059 0.182205
0.680000 0.462400 1.350006 1.360000 0.104811 0.462400 1.350006 0.186829
0.690000 0.476100 1.369998 1.380000 0.109503 0.476100 1.369998 0.191590
0.700000 0.490000 1.389998 1.400000 0.114333 0.490000 1.389998 0.196490
0.710000 0.504100 1.409999 1.420000 0.119304 0.504100 1.409999 0.201531
0.720000 0.518400 1.429999 1.440000 0.124416 0.518400 1.429999 0.206715
0.730000 0.532900 1.449996 1.460000 0.129672 0.533346 1.494628 0.212048
0.740000 0.547600 1.470011 1.480000 0.135075 0.706298 17.295206 0.219111
0.750000 0.562500 1.489997 1.500000 0.140625 0.562500 -14.379829 0.224736
0.760000 0.577600 1.510000 1.520000 0.146325 0.577600 1.510000 0.230512
0.770000 0.592900 1.529998 1.540000 0.152178 0.592900 1.529998 0.236441
0.780000 0.608400 1.549995 1.560000 0.158184 0.608400 1.549995 0.242525
0.790000 0.624100 1.569998 1.580000 0.164346 0.821850 21.345026 0.250744
0.800000 0.640000 1.590002 1.600000 0.170667 0.640000 -18.185026 0.257144
0.810000 0.656100 1.610005 1.620000 0.177147 0.656255 1.625526 0.263706
0.820000 0.672400 1.630002 1.640000 0.183789 0.672400 1.614481 0.270430
0.830000 0.688900 1.650000 1.660000 0.190596 0.688900 1.650000 0.277319
0.840000 0.705600 1.669997 1.680000 0.197568 0.705600 1.669997 0.284375
0.850000 0.722500 1.690000 1.700000 0.204708 0.722500 1.690000 0.291600
0.860000 0.739600 1.709998 1.720000 0.212019 0.739895 1.739472 0.298999
0.870000 0.756900 1.730007 1.740000 0.219501 0.756900 1.700532 0.306568
0.880000 0.774400 1.749998 1.760000 0.227157 0.774400 1.749998 0.314312
0.890000 0.792100 1.769996 1.780000 0.234990 0.792100 1.769996 0.322233
0.900000 0.810000 1.789999 1.800000 0.243000 0.810000 1.789999 0.330333
0.910000 0.828100 1.810002 1.820000 0.251190 0.828100 1.810002 0.338614
0.920000 0.846400 1.829994 1.840000 0.259563 0.868559 4.045922 0.347300
0.930000 0.864900 1.850009 1.860000 0.268119 0.864900 -0.365919 0.355949
0.940000 0.883600 1.870000 1.880000 0.276861 0.883600 1.870000 0.364785
0.950000 0.902500 1.889998 1.900000 0.285792 0.902500 1.889998 0.373810
0.960000 0.921600 1.910001 1.920000 0.294912 2.587723 168.522308 0.399687
0.970000 0.940900 1.929998 1.940000 0.304224 0.940900 -164.682312 0.409096
0.980000 0.960400 1.949996 1.960000 0.313731 0.960593 1.969266 0.418702
0.990000 0.980100 1.969999 1.980000 0.323433 0.980132 1.953912 0.428503
1.000000 1.000000 1.990008 2.000000 0.333333 1.297974 31.784189 0.441483
1.010000 1.020100 2.010000 2.020000 0.343434 1.020100 -27.787365 0.451684
1.020000 1.040400 2.029991 2.040000 0.353736 1.044763 2.466333 0.462132
1.030000 1.060900 2.050006 2.060000 0.364242 1.060900 1.613665 0.472741
1.040000 1.081600 2.069998 2.080000 0.374955 1.081600 2.069998 0.483557
1.050000 1.102500 2.089989 2.100000 0.385875 1.102500 2.089989 0.494582
1.060000 1.123600 2.110004 2.120000 0.397005 1.123606 2.110589 0.505818
1.070000 1.144900 2.129996 2.140000 0.408348 1.144915 2.130973 0.517267
1.080000 1.166400 2.149999 2.160000 0.419904 1.166400 2.148438 0.528931
1.090000 1.188100 2.170026 2.180000 0.431676 1.188100 2.170026 0.540812
1.100000 1.210000 2.189994 2.200000 0.443667 1.210000 2.189994 0.552912
1.110000 1.232100 2.209997 2.220000 0.455877 1.232100 2.209997 0.565233
1.120000 1.254400 2.230000 2.240000 0.468309 1.254400 2.230000 0.577777
1.130000 1.276900 2.249992 2.260000 0.480966 1.276900 2.249992 0.590546
1.140000 1.299600 2.270007 2.280000 0.493848 1.299600 2.270007 0.603542
1.150000 1.322500 2.289999 2.300000 0.506958 1.322500 2.289999 0.616767
1.160000 1.345600 2.309990 2.320000 0.520299 1.345600 2.309990 0.630223
1.170000 1.368900 2.330005 2.340000 0.533871 1.368900 2.330005 0.643912
1.180000 1.392400 2.349997 2.360000 0.547677 1.392400 2.349997 0.657836
1.190000 1.416100 2.370000 2.380000 0.561720 1.416100 2.370000 0.671997
1.200000 1.440000 2.389991 2.400000 0.576000 1.440000 2.389991 0.686397
1.210000 1.464100 2.409995 2.420000 0.590520 1.464100 2.409995 0.701038
1.220000 1.488400 2.430034 2.440000 0.605283 1.488400 2.430034 0.715922
1.230000 1.512900 2.449989 2.460000 0.620289 2.112945 62.454498 0.737051
1.240000 1.537600 2.470005 2.480000 0.635541 1.537600 -57.534492 0.752427
1.250000 1.562500 2.489996 2.500000 0.651042 1.562516 2.491546 0.768052
1.260000 1.587600 2.509999 2.520000 0.666792 1.587600 2.508438 0.783928
1.270000 1.612900 2.529991 2.540000 0.682794 1.612900 2.529991 0.800057
1.280000 1.638400 2.550006 2.560000 0.699051 1.638400 2.550006 0.816441
1.290000 1.664100 2.569997 2.580000 0.715563 1.664100 2.569997 0.833082
1.300000 1.690000 2.589989 2.600000 0.732333 1.690000 2.589989 0.849982
1.310000 1.716100 2.610004 2.620000 0.749364 1.723394 3.339374 0.867216
1.320000 1.742400 2.629995 2.640000 0.766656 1.742400 1.900625 0.884640
1.330000 1.768900 2.649999 2.660000 0.784212 1.768900 2.649999 0.902329
1.340000 1.795600 2.670002 2.680000 0.802034 1.795600 2.670002 0.920285
1.350000 1.822500 2.690029 2.700000 0.820125 1.822693 2.709293 0.938512
1.360000 1.849600 2.709997 2.720000 0.838485 1.849600 2.690732 0.957008
1.370000 1.876900 2.729988 2.740000 0.857118 1.876900 2.729988 0.975777
1.380000 1.904400 2.750003 2.760000 0.876024 1.904400 2.750003 0.994821
1.390000 1.932100 2.769995 2.780000 0.895206 1.932100 2.769995 1.014142
1.400000 1.960000 2.789998 2.800000 0.914667 1.960000 2.789998 1.033742
1.410000 1.988100 2.810001 2.820000 0.934407 2.736737 77.673737 1.061110
1.420000 2.016400 2.829993 2.840000 0.954429 2.016400 -72.033737 1.081274
1.430000 2.044900 2.850008 2.860000 0.974736 2.044900 2.850008 1.101723
1.440000 2.073600 2.869987 2.880000 0.995328 2.073600 2.869987 1.122459
1.450000 2.102500 2.889991 2.900000 1.016208 4.074896 200.129654 1.163208
1.460000 2.131600 2.909994 2.920000 1.037379 3.401895 -67.300133 1.197227
1.470000 2.160900 2.929997 2.940000 1.058841 2.160900 -124.099541 1.218836
1.480000 2.190400 2.950048 2.960000 1.080597 2.190400 2.950048 1.240740
1.490000 2.220100 2.969980 2.980000 1.102650 2.220100 2.969980 1.262941
1.500000 2.250000 2.990007 3.000000 1.125000 2.250000 2.990007 1.285441
1.510000 2.280100 3.009987 3.020000 1.147650 2.280100 3.009987 1.308242
1.520000 2.310400 3.030014 3.040000 1.170603 2.310400 3.030014 1.331346
1.530000 2.340900 3.049994 3.060000 1.193859 2.340900 3.049994 1.354755
1.540000 2.371600 3.069997 3.080000 1.217421 2.371600 3.069997 1.378471
1.550000 2.402500 3.090000 3.100000 1.241292 2.402500 3.090000 1.402496
1.560000 2.433600 3.109980 3.120000 1.265472 2.433600 3.109980 1.426831
1.570000 2.464900 3.130007 3.140000 1.289964 2.464900 3.130007 1.451481
1.580000 2.496400 3.149986 3.160000 1.314770 2.496400 3.149986 1.476444
1.590000 2.528100 3.170013 3.180000 1.339893 2.528100 3.170013 1.501725
1.600000 2.560000 3.189993 3.200000 1.365333 2.605468 7.736778 1.527780
1.610000 2.592100 3.210044 3.220000 1.391094 2.592100 -1.336741 1.553701
1.620000 2.624400 3.229976 3.240000 1.417176 2.624400 3.229976 1.579945
1.630000 2.656900 3.250003 3.260000 1.443582 2.656900 3.250003 1.606514
1.640000 2.689600 3.270006 3.280000 1.470315 2.689600 3.270006 1.633410
1.650000 2.722500 3.289986 3.300000 1.497375 2.722500 3.289986 1.660635
1.660000 2.755600 3.310013 3.320000 1.524765 2.755600 3.310013 1.688191
1.670000 2.788900 3.329992 3.340000 1.552487 2.788900 3.329992 1.716080
1.680000 2.822400 3.349996 3.360000 1.580544 4.817111 202.821121 1.764251
1.690000 2.856100 3.369999 3.380000 1.608936 3.326345 -149.076584 1.797515
1.700000 2.890000 3.390002 3.400000 1.637666 2.890000 -43.634537 1.826415
1.710000 2.924100 3.409982 3.420000 1.666737 2.924100 3.409982 1.855656
1.720000 2.958400 3.430009 3.440000 1.696149 2.958400 3.430009 1.885240
1.730000 2.992900 3.450036 3.460000 1.725906 2.992900 3.450036 1.915169
1.740000 3.027600 3.469992 3.480000 1.756008 3.027600 3.469992 1.945445
1.750000 3.062500 3.489995 3.500000 1.786458 3.062500 3.489995 1.976070
1.760000 3.097600 3.509998 3.520000 1.817259 3.097600 3.509998 2.007046
1.770000 3.132900 3.530002 3.540000 1.848411 3.132900 3.530002 2.038375
1.780000 3.168400 3.549981 3.560000 1.879917 3.168400 3.549981 2.070059
1.790000 3.204100 3.570008 3.580000 1.911780 3.204100 3.570008 2.102100
1.800000 3.240000 3.589988 3.600000 1.944000 3.240000 3.589988 2.134500
1.810000 3.276100 3.609991 3.620000 1.976580 3.276100 3.609991 2.167261
1.820000 3.312400 3.630018 3.640000 2.009522 3.389647 11.354685 2.201157
1.830000 3.348900 3.649974 3.660000 2.042829 3.348900 -4.074693 2.234646
1.840000 3.385600 3.670001 3.680000 2.076501 3.385600 3.670001 2.268502
1.850000 3.422500 3.690004 3.700000 2.110541 3.422500 3.690004 2.302727
1.860000 3.459600 3.710032 3.720000 2.144952 3.459600 3.710032 2.337323
1.870000 3.496900 3.730011 3.740000 2.179734 3.496900 3.730011 2.372292
1.880000 3.534400 3.749990 3.760000 2.214891 3.534400 3.749990 2.407636
1.890000 3.572100 3.769994 3.780000 2.250423 3.572100 3.769994 2.443357
1.900000 3.610000 3.789997 3.800000 2.286333 3.610000 3.789997 2.479457
1.910000 3.648100 3.810000 3.820000 2.322623 4.345253 73.525314 2.522909
1.920000 3.686400 3.830004 3.840000 2.359296 3.686400 -65.885307 2.559773
1.930000 3.724900 3.849983 3.860000 2.396352 3.724900 3.849983 2.597023
1.940000 3.763600 3.870010 3.880000 2.433794 3.763600 3.870010 2.634659
1.950000 3.802500 3.889990 3.900000 2.471625 3.802500 3.889990 2.672683
1.960000 3.841600 3.909993 3.920000 2.509845 3.841600 3.909993 2.711099
1.970000 3.880900 3.929996 3.940000 2.548457 3.880900 3.929996 2.749908
1.980000 3.920400 3.950000 3.960000 2.587464 5.635119 175.421936 2.806260
1.990000 3.960100 3.970027 3.980000 2.626866 3.960100 -167.501907 2.845861
2.000000 4.000000 3.990006 4.000000 2.666667 4.697153 73.705315 2.892832
2.010000 4.040100 4.010010 4.020000 2.706867 4.040100 -65.705299 2.933233
2.020000 4.080400 4.029989 4.040000 2.747469 4.080400 4.029989 2.974037
2.030000 4.120900 4.049969 4.060000 2.788476 4.120900 4.049969 3.015246
2.040000 4.161600 4.069996 4.080000 2.829888 4.161600 4.069996 3.056862
2.050000 4.202500 4.090023 4.100000 2.871708 4.202500 4.090023 3.098887
2.060000 4.243600 4.110003 4.120000 2.913939 4.571679 36.917927 3.144604
2.070000 4.284900 4.129982 4.140000 2.956581 4.284901 -28.677797 3.187453
2.080000 4.326400 4.150009 4.160000 2.999637 4.326400 4.149866 3.230717
2.090000 4.368100 4.169989 4.180000 3.043109 4.368100 4.169989 3.274398
2.100000 4.409999 4.189968 4.200000 3.087000 4.409999 4.189968 3.318498
2.110000 4.452099 4.209995 4.220000 3.131310 4.452099 4.209995 3.363019
2.120000 4.494400 4.230022 4.240000 3.176042 4.494400 4.230022 3.407963
2.130000 4.536900 4.250002 4.260000 3.221198 4.536900 4.250002 3.453332
2.140000 4.579599 4.269981 4.280000 3.266781 4.579599 4.269981 3.499128
2.150000 4.622499 4.290009 4.300000 3.312791 4.622499 4.290009 3.545353
2.160000 4.665599 4.309988 4.320000 3.359231 4.665599 4.309988 3.592009
2.170000 4.708899 4.330015 4.340000 3.406104 4.708899 4.330015 3.639098
2.180000 4.752400 4.350090 4.360000 3.453411 4.752400 4.350090 3.686622
2.190000 4.796100 4.369974 4.380000 3.501153 4.796100 4.369974 3.734583
2.200000 4.840000 4.390001 4.400000 3.549334 4.840000 4.390001 3.782983
2.210000 4.884100 4.409981 4.420000 3.597954 4.884100 4.409981 3.831824
2.220000 4.928400 4.430008 4.440000 3.647016 4.928400 4.430008 3.881108
2.230000 4.972900 4.449987 4.460000 3.696522 4.972900 4.449987 3.930837
2.240000 5.017600 4.470015 4.480000 3.746475 5.017600 4.470015 3.981013
2.250000 5.062500 4.489994 4.500000 3.796875 5.062500 4.489994 4.031638
2.260000 5.107600 4.509974 4.520000 3.847725 5.107680 4.517984 4.082715
2.270000 5.152900 4.530001 4.540000 3.899028 7.086240 197.856049 4.153577
2.280000 5.198400 4.550028 4.560000 3.950784 5.198400 -188.784027 4.205561
2.290000 5.244100 4.569960 4.580000 4.002996 5.244100 4.569960 4.258002
2.300000 5.290000 4.590034 4.600000 4.055666 5.290000 4.590034 4.310902
2.310000 5.336100 4.609966 4.620000 4.108797 5.336100 4.609966 4.364263
2.320000 5.382400 4.629993 4.640000 4.162389 5.382846 4.674625 4.418091
2.330000 5.428900 4.650021 4.660000 4.216445 5.648818 26.597214 4.474579
2.340000 5.475600 4.670000 4.680000 4.270967 5.475600 -17.321825 4.529335
2.350000 5.522500 4.689980 4.700000 4.325958 5.522500 4.689980 4.584560
2.360000 5.569600 4.710007 4.720000 4.381418 7.445801 192.330170 4.659018
2.370000 5.616899 4.729986 4.740000 4.437350 5.616899 -182.890182 4.715187
2.380000 5.664400 4.750013 4.760000 4.493757 5.664400 4.750013 4.771831
2.390000 5.712100 4.769993 4.780000 4.550639 5.712100 4.769993 4.828952
2.400000 5.759999 4.789972 4.800000 4.607999 5.760000 4.790020 4.886552
2.410000 5.808099 4.809999 4.820000 4.665840 5.808099 4.809952 4.944633
2.420000 5.856399 4.829979 4.840000 4.724162 5.856399 4.829979 5.003197
2.430000 5.904899 4.850006 4.860000 4.782968 5.904899 4.850006 5.062246
2.440000 5.953600 4.870129 4.880000 4.842262 5.953600 4.870129 5.121782
2.450000 6.002500 4.889965 4.900000 4.902042 6.002500 4.889965 5.181808
2.460000 6.051600 4.909992 4.920000 4.962312 6.057761 5.526114 5.242385
2.470000 6.100900 4.930019 4.940000 5.023075 6.100900 4.313898 5.303394
2.480000 6.150400 4.949999 4.960000 5.084331 6.150400 4.949999 5.364898
2.490000 6.200100 4.969978 4.980000 5.146083 6.200100 4.969978 5.426899
2.500000 6.250000 4.990005 5.000000 5.208333 6.250000 4.990005 5.489399
2.510000 6.300100 5.009985 5.020000 5.271084 6.300102 5.010176 5.552400
2.520000 6.350400 5.030012 5.040000 5.334336 6.350400 5.029821 5.615904
2.530000 6.400900 5.049992 5.060000 5.398092 6.400900 5.049992 5.679914
2.540000 6.451600 5.069971 5.080000 5.462354 6.451600 5.069971 5.744430
2.550000 6.502500 5.089998 5.100000 5.527125 6.502500 5.089998 5.809454
2.560000 6.553600 5.110025 5.120000 5.592405 6.553600 5.110025 5.874990
2.570000 6.604900 5.130005 5.140000 5.658197 6.604900 5.130005 5.941040
2.580000 6.656400 5.149984 5.160000 5.724504 6.656400 5.149984 6.007604
2.590000 6.708099 5.169964 5.180000 5.791326 6.708099 5.169964 6.074685
2.600000 6.759999 5.189991 5.200000 5.858666 6.759999 5.189991 6.142284
2.610000 6.812099 5.210018 5.220000 5.926526 7.901361 114.136124 6.221298
2.620000 6.864399 5.229998 5.240000 5.994908 6.864399 -103.696114 6.289942
2.630000 6.916899 5.249977 5.260000 6.063815 6.916899 5.249977 6.359111
2.640000 6.969599 5.270004 5.280000 6.133247 6.969599 5.270004 6.428807
2.650000 7.022499 5.289984 5.300000 6.203207 7.022499 5.289984 6.499032
2.660000 7.075599 5.310011 5.320000 6.273697 7.075599 5.310011 6.569788
2.670000 7.128899 5.329990 5.340000 6.344720 7.128899 5.329990 6.641077
2.680000 7.182399 5.350018 5.360000 6.416276 7.182399 5.350018 6.712901
2.690000 7.236100 5.370092 5.380000 6.488370 7.252434 7.003498 6.785426
2.700000 7.290000 5.390024 5.400000 6.561000 7.290000 3.756618 6.858325
2.710000 7.344100 5.409956 5.420000 6.634171 7.344108 5.410719 6.931767
2.720000 7.398400 5.430031 5.440000 6.707883 7.793151 44.904327 7.009698
2.730000 7.452900 5.449963 5.460000 6.782139 7.452900 -34.025097 7.084227
2.740000 7.507600 5.469990 5.480000 6.856941 7.507600 5.469990 7.159303
2.750000 7.562500 5.490017 5.500000 6.932292 7.562500 5.490017 7.234928
2.760000 7.617600 5.509996 5.520000 7.008192 7.705242 14.274168 7.311981
2.770000 7.672900 5.529976 5.540000 7.084644 7.672900 -3.234196 7.388710
2.780000 7.728400 5.550003 5.560000 7.161651 7.732058 5.915833 7.466030
2.790000 7.784100 5.569983 5.580000 7.239213 7.784100 5.204153 7.543871
2.800000 7.840000 5.590010 5.600000 7.317333 7.840000 5.590010 7.622271
2.810000 7.896100 5.609989 5.620000 7.396013 7.896100 5.609989 7.701232
2.820000 7.952400 5.630016 5.640000 7.475255 7.952400 5.630016 7.780756
2.830000 8.008900 5.649996 5.660000 7.555062 8.008900 5.649996 7.860845
2.840000 8.065599 5.669975 5.680000 7.635434 8.065599 5.669975 7.941501
2.850000 8.122499 5.690002 5.700000 7.716374 8.122499 5.690002 8.022726
2.860000 8.179600 5.710030 5.720000 7.797884 8.179600 5.710030 8.104522
2.870000 8.236899 5.729961 5.740000 7.879967 8.236899 5.729961 8.186891
2.880000 8.294399 5.749989 5.760000 7.962623 8.294399 5.749989 8.269835
2.890000 8.352099 5.770016 5.780000 8.045856 8.352099 5.770016 8.353355
2.900000 8.409999 5.789948 5.800000 8.129665 8.409999 5.789948 8.437455
2.910000 8.468099 5.809975 5.820000 8.214056 8.468099 5.809975 8.522136
2.920000 8.526399 5.830002 5.840000 8.299028 8.526399 5.830002 8.607400
2.930000 8.584899 5.850029 5.860000 8.384584 8.584899 5.850029 8.693249
2.940000 8.643599 5.869961 5.880000 8.470726 8.643599 5.869961 8.779685
2.950000 8.702500 5.890179 5.900000 8.557459 8.702500 5.890179 8.866710
2.960000 8.761600 5.910015 5.920000 8.644779 8.761625 5.912495 8.954326
2.970000 8.820900 5.929947 5.940000 8.732691 8.820900 5.927467 9.042535
2.980000 8.880400 5.949974 5.960000 8.821198 8.880400 5.949974 9.131339
2.990000 8.940100 5.970001 5.980000 8.910299 8.940394 5.999470 9.220743
3.000000 9.000000 5.990028 6.000000 9.000000 9.000000 5.960560 9.310743
3.010000 9.060100 6.009960 6.020000 9.090301 9.060180 6.017971 9.401345
3.020000 9.120399 6.029987 6.040000 9.181203 9.120399 6.021976 9.492549
3.030000 9.180900 6.050014 6.060000 9.272709 9.180900 6.050014 9.584358
3.040000 9.241600 6.070042 6.080000 9.364821 9.461518 28.061867 9.678973
3.050000 9.302500 6.089973 6.100000 9.457541 9.302500 -15.901852 9.771998
3.060000 9.363600 6.110001 6.120000 9.550872 9.363601 6.110096 9.865634
3.070000 9.424900 6.130028 6.140000 9.644814 9.424900 6.129932 9.959883
3.080000 9.486400 6.149960 6.160000 9.739370 9.486400 6.149960 10.054747
3.090000 9.548100 6.169987 6.180000 9.834542 9.548100 6.169987 10.150228
3.100000 9.610000 6.190014 6.200000 9.930332 9.610000 6.190014 10.246327
3.110000 9.672099 6.209946 6.220000 10.026743 9.672099 6.209946 10.343048
3.120000 9.734399 6.229973 6.240000 10.123775 9.734399 6.229973 10.440392
3.130000 9.796899 6.250000 6.260000 10.221431 9.796899 6.250000 10.538362
3.140000 9.859599 6.270027 6.280000 10.319714 9.859599 6.270027 10.636957
3.150000 9.922499 6.289959 6.300000 10.418624 9.922499 6.289959 10.736182
3.160000 9.985599 6.309986 6.320000 10.518164 11.788234 186.573517 10.854065
3.170000 10.048899 6.330013 6.340000 10.618336 10.048899 -173.933517 10.954554
3.180000 10.112399 6.350040 6.360000 10.719142 10.112399 6.350040 11.055677
3.190000 10.176099 6.369972 6.380000 10.820584 10.176099 6.369972 11.157438
3.200000 10.239999 6.389999 6.400000 10.922665 10.240154 6.405544 11.259840
3.210000 10.304100 6.410122 6.420000 11.025388 10.304100 6.394577 11.362881
3.220000 10.368401 6.430054 6.440000 11.128750 10.368401 6.430054 11.466565
3.230000 10.432900 6.449986 6.460000 11.232756 10.432900 6.449986 11.570894
3.240000 10.497600 6.469917 6.480000 11.337408 10.497600 6.469917 11.675870
3.250000 10.562500 6.490040 6.500000 11.442708 10.562500 6.490040 11.781495
3.260000 10.627600 6.509972 6.520000 11.548658 10.627600 6.509972 11.887771
3.270000 10.692900 6.529999 6.540000 11.655261 10.692900 6.529999 11.994699
3.280000 10.758400 6.550026 6.560000 11.762517 10.758410 6.550980 12.102283
3.290000 10.824100 6.569958 6.580000 11.870429 10.824100 6.569004 12.210525
3.300000 10.889999 6.589985 6.600000 11.978999 10.889999 6.589985 12.319425
3.310000 10.956100 6.610012 6.620000 12.088230 10.956100 6.610012 12.428986
3.320000 11.022400 6.630039 6.640000 12.198122 11.022400 6.630039 12.539209
3.330000 11.088900 6.649971 6.660000 12.308679 11.088900 6.649971 12.650099
3.340000 11.155600 6.669998 6.680000 12.419900 11.155600 6.669998 12.761655
3.350000 11.222499 6.689930 6.700000 12.531791 11.222499 6.689930 12.873879
3.360000 11.289599 6.710052 6.720000 12.644351 11.289599 6.710052 12.986775
3.370000 11.356899 6.729984 6.740000 12.757583 11.356899 6.729984 13.100345
3.380000 11.424399 6.750011 6.760000 12.871490 11.424399 6.750011 13.214589
3.390000 11.492099 6.769943 6.780000 12.986072 11.492099 6.769943 13.329510
3.400000 11.559999 6.790066 6.800000 13.101332 11.559999 6.790066 13.445109
3.410000 11.628098 6.809902 6.820000 13.217272 11.628098 6.809902 13.561390
3.420000 11.696399 6.830025 6.840000 13.333894 11.696399 6.830025 13.678354
3.430000 11.764899 6.850052 6.860000 13.451200 11.764899 6.850052 13.796003
3.440000 11.833599 6.869984 6.880000 13.569193 11.833599 6.869984 13.914339
3.450000 11.902498 6.889915 6.900000 13.687873 11.902498 6.889915 14.033364
3.460000 11.971601 6.910229 6.920000 13.807246 11.972148 6.964970 14.153086
3.470000 12.040900 6.929970 6.940000 13.927308 12.040900 6.875229 14.273495
3.480000 12.110400 6.949997 6.960000 14.048064 12.110695 6.979465 14.394602
3.490000 12.180100 6.970024 6.980000 14.169517 12.180100 6.940556 14.516403
3.500000 12.250000 6.989956 7.000000 14.291667 12.250000 6.989956 14.638904
3.510000 12.320100 7.009983 7.020000 14.414516 12.320100 7.009983 14.762105
3.520000 12.390400 7.030010 7.040000 14.538069 12.390400 7.030010 14.886009
3.530000 12.460899 7.049942 7.060000 14.662325 12.460899 7.049942 15.010618
3.540000 12.531600 7.070065 7.080000 14.787288 12.531600 7.070065 15.135934
3.550000 12.602500 7.089996 7.100000 14.912958 12.602500 7.089996 15.261959
3.560000 12.673599 7.109928 7.120000 15.039338 12.673599 7.109928 15.388695
3.570000 12.744900 7.130051 7.140000 15.166430 12.744900 7.130051 15.516144
3.580000 12.816400 7.149982 7.160000 15.294236 13.036318 29.141808 15.646507
3.590000 12.888100 7.170010 7.180000 15.422758 12.888100 -14.821815 15.775389
3.600000 12.959999 7.189941 7.200000 15.551999 12.959999 7.189941 15.904988
3.610000 13.032099 7.209969 7.220000 15.681959 13.032099 7.209969 16.035309
3.620000 13.104399 7.229996 7.240000 15.812641 13.104399 7.229996 16.166353
3.630000 13.176899 7.250023 7.260000 15.944047 14.147829 104.343033 16.307831
3.640000 13.249599 7.270050 7.280000 16.076180 13.249680 -89.814949 16.440327
3.650000 13.322499 7.289982 7.300000 16.209040 13.322499 7.281971 16.573551
3.660000 13.395598 7.309914 7.320000 16.342630 13.396146 7.364655 16.707512
3.670000 13.468899 7.330036 7.340000 16.476952 13.468899 7.275295 16.842201
3.680000 13.542398 7.349968 7.360000 16.612009 13.542398 7.349968 16.977625
3.690000 13.616098 7.369995 7.380000 16.747801 13.616098 7.369995 17.113787
3.700000 13.689999 7.390022 7.400000 16.884331 13.689999 7.390022 17.250687
3.710000 13.764098 7.409954 7.420000 17.021601 13.764098 7.409954 17.388329
3.720000 13.838400 7.430172 7.440000 17.159616 15.793613 202.951538 17.546265
3.730000 13.912900 7.450008 7.460000 17.298372 13.912900 -188.071350 17.685394
3.740000 13.987600 7.470036 7.480000 17.437876 13.987600 7.470036 17.825270
3.750000 14.062500 7.489967 7.500000 17.578125 14.062500 7.489967 17.965895
3.760000 14.137600 7.509995 7.520000 17.719126 14.137600 7.509995 18.107271
3.770000 14.212900 7.530022 7.540000 17.860878 14.212900 7.530022 18.249401
3.780000 14.288400 7.549953 7.560000 18.003384 14.288400 7.549953 18.392284
3.790000 14.364100 7.569981 7.580000 18.146646 14.364100 7.569981 18.535925
3.800000 14.440000 7.590008 7.600000 18.290667 14.440000 7.590008 18.680325
3.810000 14.516100 7.610035 7.620000 18.435446 14.516916 7.691669 18.825493
3.820000 14.592400 7.629967 7.640000 18.580988 14.592400 7.548332 18.971416
3.830000 14.668900 7.649994 7.660000 18.727295 14.668900 7.649994 19.118105
3.840000 14.745600 7.670021 7.680000 18.874367 14.745600 7.670021 19.265560
3.850000 14.822499 7.689953 7.700000 19.022207 14.822499 7.689953 19.413786
3.860000 14.899599 7.709980 7.720000 19.170816 14.906893 8.439350 19.562855
3.870000 14.976899 7.730007 7.740000 19.320200 16.932112 202.521896 19.732176
3.880000 15.054399 7.750034 7.760000 19.470356 15.054399 -187.771225 19.882719
3.890000 15.132099 7.769966 7.780000 19.621288 15.132099 7.769966 20.034040
3.900000 15.209999 7.789993 7.800000 19.772997 15.209999 7.789993 20.186140
3.910000 15.288098 7.809925 7.820000 19.925488 15.288098 7.809925 20.339022
3.920000 15.366399 7.830048 7.840000 20.078760 15.366399 7.830048 20.492685
3.930000 15.444899 7.849979 7.860000 20.232817 15.444899 7.849979 20.647135
3.940000 15.523599 7.870007 7.880000 20.387659 15.523599 7.870007 20.802370
3.950000 15.602498 7.889938 7.900000 20.543289 15.602498 7.889938 20.958395
3.960000 15.681599 7.910061 7.920000 20.699709 17.588537 198.603928 21.134281
3.970000 15.760900 7.930183 7.940000 20.856924 15.760900 -182.763672 21.291891
3.980000 15.840400 7.949924 7.960000 21.014931 16.989811 122.891045 21.461790
3.990000 15.920100 7.970047 7.980000 21.173733 15.920100 -106.971077 21.620991
4.000000 16.000000 7.989979 8.000000 21.333334 16.000000 7.989979 21.780991
4.010000 16.080097 8.009720 8.020000 21.493731 16.828735 82.873535 21.949278
4.020000 16.160400 8.030319 8.040000 21.654936 16.160400 -66.833496 22.110882
4.030000 16.240898 8.049774 8.059999 21.816938 16.240898 8.049774 22.273291
4.040000 16.321600 8.070183 8.080000 21.979753 16.321600 8.070183 22.436506
4.050000 16.402498 8.089828 8.099999 22.143370 16.402498 8.089828 22.600531
4.060000 16.483599 8.110046 8.120000 22.307804 16.483599 8.110046 22.765368
4.070000 16.564898 8.129883 8.139999 22.473043 16.959648 47.604942 22.934963
4.080000 16.646399 8.150101 8.160000 22.639103 16.646399 -31.324959 23.101427
4.090000 16.728098 8.169937 8.179999 22.805971 16.728098 8.169937 23.268707
4.100000 16.809999 8.190155 8.200000 22.973665 16.809999 8.190155 23.436808
4.110000 16.892101 8.210182 8.220000 23.142179 16.892101 8.210182 23.605728
4.120000 16.974400 8.229828 8.240000 23.311508 16.974400 8.229828 23.775473
4.130000 17.056900 8.250046 8.260000 23.481668 17.056900 8.250046 23.946041
4.140000 17.139599 8.269882 8.280000 23.652645 17.139599 8.269882 24.117437
4.150000 17.222500 8.290100 8.300000 23.824459 17.222500 8.290100 24.289661
4.160000 17.305599 8.309937 8.320000 23.997095 17.305599 8.309937 24.462717
4.170000 17.388901 8.330154 8.340000 24.170572 17.396194 9.059525 24.636679
4.180000 17.472399 8.349800 8.360000 24.344873 17.472399 7.620430 24.811403
4.190000 17.556101 8.370209 8.380000 24.520021 17.556101 8.370209 24.986965
4.200000 17.639997 8.389664 8.400000 24.695997 18.337151 78.104973 25.170336
4.210000 17.724100 8.410263 8.420000 24.872822 19.718811 138.166046 25.367523
4.220000 17.808397 8.429718 8.440000 25.050478 17.950033 -176.877792 25.547024
4.230000 17.892900 8.450317 8.460000 25.228989 17.892900 -5.713272 25.725952
4.240000 17.977598 8.469772 8.480000 25.408337 17.977598 8.469772 25.905727
4.250000 18.062500 8.490181 8.500000 25.588541 18.062500 8.490181 26.086353
4.260000 18.147598 8.509827 8.520000 25.769587 18.147598 8.509827 26.267830
4.270000 18.232901 8.530235 8.540000 25.951494 18.232901 8.530235 26.450159
4.280000 18.318398 8.549690 8.559999 26.134245 18.829721 59.682083 26.638456
4.290000 18.404100 8.570290 8.580000 26.317862 18.404100 -42.562103 26.822496
4.300000 18.489998 8.589745 8.599999 26.502329 18.489998 8.589745 27.007397
4.310000 18.576099 8.610153 8.620000 26.687662 18.576099 8.610153 27.193157
4.320000 18.662397 8.629799 8.639999 26.873850 18.662397 8.629799 27.379782
4.330000 18.748899 8.650208 8.660000 27.060911 18.748899 8.650208 27.567270
4.340000 18.835598 8.669853 8.679999 27.248829 18.835598 8.669853 27.755627
4.350000 18.922499 8.690071 8.700000 27.437624 18.922499 8.690071 27.944851
4.360000 19.009602 8.710289 8.720000 27.627289 19.009602 8.710289 28.134947
4.370000 19.096899 8.729744 8.740000 27.817816 19.096899 8.729744 28.325916
4.380000 19.184401 8.750153 8.760000 28.009226 19.184401 8.750153 28.517761
4.390000 19.272099 8.769798 8.780000 28.201504 19.272099 8.769798 28.710482
4.400000 19.360001 8.790207 8.800000 28.394669 19.360001 8.790207 28.904081
4.410000 19.448099 8.809853 8.820000 28.588703 19.448099 8.809853 29.098562
4.420000 19.536400 8.830070 8.840000 28.783630 19.536400 8.830070 29.293926
4.430000 19.624899 8.849907 8.860000 28.979433 19.624899 8.849907 29.490175
4.440000 19.713600 8.870125 8.880000 29.176128 19.713600 8.870125 29.687311
4.450000 19.802498 8.889771 8.900000 29.373705 19.802498 8.889771 29.885336
4.460000 19.891600 8.910179 8.920000 29.572180 19.891600 8.910179 30.084251
4.470000 19.980898 8.929825 8.940000 29.771536 20.729536 83.793640 30.291546
4.480000 20.070400 8.950233 8.960000 29.971798 20.872316 14.278030 30.500269
4.490000 20.160097 8.969688 8.980000 30.172945 20.247738 -62.457848 30.702745
4.500000 20.250000 8.990288 9.000000 30.375000 20.250000 0.226212 30.905245
4.510000 20.340097 9.009743 9.020000 30.577946 20.379675 12.967491 31.109041
4.520000 20.430399 9.030151 9.040000 30.781803 20.430399 5.072403 31.313345
4.530000 20.520897 9.049797 9.059999 30.986553 20.520897 9.049797 31.518555
4.540000 20.611599 9.070206 9.080000 31.192221 20.611599 9.070206 31.724670
4.550000 20.702497 9.089851 9.099999 31.398787 20.702497 9.089851 31.931696
4.560000 20.793600 9.110260 9.120000 31.606272 20.991350 28.885269 32.141609
4.570000 20.884897 9.129715 9.139999 31.814657 21.182871 19.152069 32.353439
4.580000 20.976398 9.150124 9.160000 32.023968 22.961161 177.828979 32.583050
4.590000 21.068096 9.169769 9.179999 32.234184 21.068096 -189.306458 32.793732
4.600000 21.160000 9.190369 9.200000 32.445332 21.160000 9.190369 33.005333
4.610000 21.252102 9.210205 9.220000 32.657398 23.246813 208.681305 33.237801
4.620000 21.344398 9.229660 9.240000 32.870373 21.344398 -190.241440 33.451244
4.630000 21.436901 9.250259 9.260000 33.084286 21.436901 9.250259 33.665615
4.640000 21.529598 9.269714 9.280000 33.299110 21.857677 42.077637 33.884193
4.650000 21.622501 9.290314 9.300000 33.514877 21.622501 -23.517609 34.100418
4.660000 21.715599 9.309769 9.320000 33.731564 21.715599 9.309769 34.317574
4.670000 21.808901 9.330177 9.340000 33.949188 22.240288 52.468872 34.539978
4.680000 21.902399 9.349823 9.360000 34.167740 21.902399 -33.788872 34.759003
4.690000 21.996101 9.370232 9.380000 34.387238 21.996101 9.370232 34.978962
4.700000 22.089998 9.389687 9.400000 34.607662 22.089998 9.389687 35.199863
4.710000 22.184101 9.410286 9.420000 34.829037 22.184101 9.410286 35.421703
4.720000 22.278399 9.429741 9.440000 35.051346 22.278399 9.429741 35.644485
4.730000 22.372900 9.450150 9.460000 35.274605 24.328114 204.971512 35.887768
4.740000 22.467598 9.469795 9.480000 35.498802 22.467598 -186.051559 36.112442
4.750000 22.562500 9.490204 9.500000 35.723957 22.661686 19.408798 36.339058
4.760000 22.657598 9.509850 9.520000 35.950054 22.657598 -0.408745 36.565636
4.770000 22.752899 9.530067 9.540000 36.177109 22.752899 9.530067 36.793163
4.780000 22.848398 9.549904 9.559999 36.405109 22.848398 9.549904 37.021648
4.790000 22.944099 9.570122 9.580000 36.634079 22.944099 9.570122 37.251091
4.800000 23.039997 9.589767 9.599999 36.863995 23.039997 9.589767 37.481491
4.810000 23.136099 9.610176 9.620000 37.094879 23.136099 9.610176 37.712852
4.820000 23.232397 9.629822 9.639999 37.326717 23.232397 9.629822 37.945175
4.830000 23.328899 9.650230 9.660000 37.559528 23.328899 9.650230 38.178463
4.840000 23.425596 9.669685 9.679999 37.793293 23.425596 9.669685 38.412720
4.850000 23.522499 9.690285 9.700000 38.028038 23.522499 9.690285 38.647945
4.860000 23.619596 9.709740 9.719999 38.263744 23.619596 9.709740 38.884140
4.870000 23.716898 9.730148 9.740000 38.500431 23.716898 9.730148 39.121307
4.880000 23.814402 9.750366 9.760000 38.738094 23.814402 9.750366 39.359451
4.890000 23.912098 9.769630 9.780000 38.976719 23.912098 9.769630 39.598572
4.900000 24.010000 9.790230 9.800000 39.216335 24.010000 9.790230 39.838673
4.910000 24.108099 9.809875 9.820000 39.456921 24.108099 9.809875 40.079754
4.920000 24.206400 9.830093 9.840000 39.698498 24.206400 9.830093 40.321819
4.930000 24.304899 9.849930 9.860000 39.941048 24.304899 9.849930 40.564869
4.940000 24.403601 9.870148 9.880000 40.184597 24.403601 9.870148 40.808907
4.950000 24.502499 9.889793 9.900000 40.429119 24.502499 9.889793 41.053932
4.960000 24.601601 9.910202 9.920000 40.674644 24.601601 9.910202 41.299950
4.970000 24.700897 9.929657 9.940000 40.921154 24.944857 34.325600 41.549397
4.980000 24.800400 9.950256 9.960000 41.168663 24.805592 -13.926506 41.797451
4.990000 24.900097 9.969711 9.980000 41.417160 24.900097 9.450531 42.046452
